301,2007,301,1300,13.37,16.43,15.29,19.09,4.676,2.27,2.27,110.2,24.25,.06,.146
301,2007,301,1400,13.37,16.43,15.26,18.49,4.596,2.407,2.407,108.6,22.19,-.384,0
301,2007,301,1500,13.43,16.41,14.52,17.47,4.196,2.146,2.146,111.3,20.42,-.041,0
301,2007,301,1600,13.28,16.41,13.94,16.46,4.436,1.902,1.902,113.6,25.15,-.023,0
301,2007,301,1700,13.02,16.4,12.12,14.86,1.32,.352,.352,284.1,42.25,-.025,0
301,2007,301,1800,12.94,16.39,10.59,13.73,1.799,.53,.53,284.1,18.21,-.02,0
301,2007,301,1900,12.88,16.39,9.72,12.92,2.279,1.125,1.125,284.2,24.43,-.016,0
301,2007,301,2000,12.84,16.39,9.37,12.21,1.879,.705,.705,334.9,41.38,-.02,0
301,2007,301,2100,12.81,16.38,8.34,11.37,2.998,.973,.973,283.1,35.14,-.012,0
301,2007,301,2200,12.78,16.38,8.22,10.86,2.598,.922,.922,328.1,53.86,-.019,0
301,2007,301,2300,12.76,16.38,8.28,10.61,1.799,.512,.512,315.3,34.64,-.01,0
301,2007,301,2400,12.74,16.38,7.3,10.53,1.879,.771,.771,294.6,28.56,-.003,0
302,2007,301,2400,.019,.018,.019,19.77,7.9,17.05,2.629
301,2007,302,100,12.73,16.38,7.95,10.55,3.717,1.199,1.199,278.6,30.75,-.005,0
301,2007,302,200,12.65,16.38,8.18,10.11,2.279,.869,.869,12.94,55.07,-.011,0
301,2007,302,300,12.67,16.38,6.908,9.5,2.039,.708,.708,307.1,39,-.015,0
301,2007,302,400,12.65,16.37,6.402,9.21,2.758,1.044,1.044,300,39.9,-.005,0
301,2007,302,500,12.63,16.37,5.129,8.63,2.279,.97,.97,289.6,37.76,-.011,0
301,2007,302,600,12.62,16.37,6.014,8.39,2.199,.756,.756,319.5,41.78,.001,0
301,2007,302,700,12.69,16.36,5.365,8.22,2.438,1.013,1.013,321.5,44.88,-.009,0
301,2007,302,800,13.61,16.36,9.99,11.56,1.959,.7,.7,121.7,88.8,-.052,0
301,2007,302,900,13.39,16.4,14.13,16.5,4.276,1.288,1.288,157.4,49.71,-.033,0
301,2007,302,1000,13.32,16.41,14.64,18.86,4.995,2.543,2.543,112.9,26.7,-.041,0
301,2007,302,1100,13.32,16.42,14.29,19.21,9.39,2.394,2.394,96,44.65,-.015,0
301,2007,302,1200,13.38,16.41,13.88,18.66,6.673,3.128,3.128,88,53.71,-.008,0
301,2007,302,1300,13.33,16.43,15.78,21.83,8.51,2.892,2.892,135.1,82.7,-.398,0
301,2007,302,1400,13.37,16.42,13.92,19.94,6.833,2.441,2.441,90.2,76.8,.021,0
301,2007,302,1500,13.44,16.41,10.64,17.86,4.995,1.995,1.995,176,75.4,-.007,0
301,2007,302,1600,13.08,16.41,7.79,16.28,11.31,4.681,4.681,261.3,44.84,-.007,.292
301,2007,302,1700,13.18,16.43,5.023,14.42,8.27,1.65,1.65,277.5,77.2,2.45,0
301,2007,302,1800,13.02,16.45,4.49,12.99,3.956,1.029,1.029,25.72,84.6,-.031,0
301,2007,302,1900,12.89,16.44,3.469,11.39,2.838,1.045,1.045,21.81,62.46,.059,0
301,2007,302,2000,12.81,16.43,2.978,10.42,2.998,1.427,1.427,292.7,32.85,.059,0
301,2007,302,2100,12.76,16.42,3.58,10.17,3.078,1.151,1.151,308.3,53.19,.045,0
301,2007,302,2200,12.74,16.43,4.43,10.11,5.235,1.421,1.421,219.6,79.1,.031,0
301,2007,302,2300,12.73,16.43,5.505,9.83,3.717,1.318,1.318,64.43,75,.058,0
301,2007,302,2400,12.73,16.42,4.681,9.59,2.358,.682,.682,81.5,39.68,-.022,0
302,2007,302,2400,.019,.018,.019,22.84,8.01,17.17,1.495
301,2007,303,100,12.71,16.42,4.023,9.23,2.039,.661,.661,65.76,41.75,-.031,0
301,2007,303,200,12.62,16.42,3.038,8.27,1.48,.467,.467,11.87,38.4,.017,0
301,2007,303,300,12.64,16.41,2.057,7.5,1.4,.713,.713,319.6,31.98,-.012,0
301,2007,303,400,12.62,16.41,1.672,6.901,1.4,.73,.73,297.1,32.58,0,0
301,2007,303,500,12.59,16.4,1.543,6.445,1.639,.657,.657,309,34.03,-.049,0
301,2007,303,600,12.57,16.39,1.144,6.123,1.24,.522,.522,334.9,45.37,.018,0
301,2007,303,700,13.05,16.38,1.861,6.257,1.959,.265,.265,61.45,24.58,-.037,0
301,2007,303,800,13.66,16.41,5.797,10.51,2.199,.61,.61,214.5,46.59,-.38,0
301,2007,303,900,13.46,16.43,9.25,13.85,2.598,1.257,1.257,130.2,34.96,-.047,0
301,2007,303,1000,13.38,16.44,10.33,15.95,4.755,2.173,2.173,120.8,29,-.015,0
301,2007,303,1100,13.39,16.44,9.67,17.1,4.995,2.832,2.832,115.3,18.66,-.029,0
301,2007,303,1200,13.43,16.43,10.44,17.57,4.835,2.613,2.613,116.4,25.74,-.034,0
301,2007,303,1300,13.41,16.43,11.06,18.36,3.956,2.433,2.433,116.9,24.37,-.022,0
301,2007,303,1400,13.41,16.43,11.92,17.13,3.637,1.973,1.973,124.5,28.06,-.029,0
301,2007,303,1500,13.47,16.42,10.9,15.42,3.317,1.501,1.501,122,27.72,-.037,0
301,2007,303,1600,13.28,16.41,9.85,14.1,3.637,.763,.763,114.5,21.25,.051,0
301,2007,303,1700,13.02,16.41,8.6,13.19,2.199,.46,.46,236.7,62.64,.005,0
301,2007,303,1800,12.93,16.39,7.93,12.64,2.918,1.027,1.027,97.2,49.4,-.019,0
301,2007,303,1900,12.86,16.4,6.638,11.96,2.838,1.375,1.375,105.7,20.93,-.023,0
301,2007,303,2000,12.82,16.39,6.181,11.55,2.119,1.049,1.049,101.8,17.4,-.022,0
301,2007,303,2100,12.79,16.39,5.543,11.23,1.959,1.144,1.144,110.3,15.18,-.036,0
301,2007,303,2200,12.76,16.39,5.093,10.92,1.719,.667,.667,108.9,12.86,-.03,0
301,2007,303,2300,12.74,16.38,4.857,10.69,2.758,1.228,1.228,114.5,20.07,-.018,0
301,2007,303,2400,12.72,16.39,4.376,10.3,1.719,.842,.842,103.4,16.24,-.02,0
302,2007,303,2400,.019,.018,.019,18.77,5.813,13.42,-.767
301,2007,304,100,12.69,16.38,4.117,10.09,1.639,.637,.637,106.2,15.69,.005,0
301,2007,304,200,12.6,16.38,3.637,9.73,1.08,.139,.139,87,17.58,.002,0
301,2007,304,300,12.62,16.38,3.326,9.49,1.559,.616,.616,98.2,14.89,.01,0
301,2007,304,400,12.61,16.38,3.308,9.39,1.559,.526,.526,112.2,40.63,.002,0
301,2007,304,500,12.6,16.37,2.648,8.75,2.119,.332,.332,97.9,54.55,.02,0
301,2007,304,600,12.58,16.37,.732,7.72,1.639,.376,.376,56.69,63.16,.016,0
301,2007,304,700,13.01,16.37,.145,7.32,1.32,.711,.711,277.1,23.91,-.004,0
301,2007,304,800,13.67,16.38,4.708,11.37,2.279,.733,.733,149,51.28,.026,0
301,2007,304,900,13.49,16.39,7.54,14.52,2.998,1.567,1.567,125.8,27.51,-.009,0
301,2007,304,1000,13.39,16.41,9.36,16.72,4.596,1.811,1.811,119.7,26.92,-.02,0
301,2007,304,1100,13.36,16.43,9.69,18.8,4.436,2.17,2.17,118.8,30.4,-.028,0
301,2007,304,1200,13.37,16.43,10.31,20.21,5.235,2.641,2.641,116.8,24.69,-.032,0
301,2007,304,1300,13.38,16.43,11.77,20.28,4.835,2.377,2.377,113.9,28.39,-.035,0
301,2007,304,1400,13.39,16.43,12.15,18.97,4.995,2.508,2.508,116.9,27.16,-.035,0
301,2007,304,1500,13.46,16.42,10.98,17.1,3.717,1.705,1.705,119.2,23.02,-.038,0
301,2007,304,1600,13.29,16.41,10.79,16.37,1.879,.418,.418,117,18.99,.041,0
301,2007,304,1700,13.02,16.41,10.11,15.48,.84,.082,.082,231.6,13.63,-.041,0
301,2007,304,1800,12.93,16.4,9.06,14.45,1.48,.336,.336,260.8,19.85,-.405,0
301,2007,304,1900,12.87,16.4,8.04,13.46,1.24,.165,.165,79.8,35.38,.014,0
301,2007,304,2000,12.83,16.39,7.27,12.68,1.4,.147,.147,85.2,12.45,-.01,0
301,2007,304,2100,12.8,16.39,5.894,11.34,1.4,.172,.172,290.5,8.78,-.005,0
301,2007,304,2200,12.77,16.37,4.235,10.29,1.08,.051,.051,301.9,3.94,-.013,0
301,2007,304,2300,12.74,16.38,3.188,9.5,1.559,.228,.228,307.6,39.51,-.016,0
301,2007,304,2400,12.71,16.36,3.102,8.87,1.639,.258,.258,279.3,23.47,-.017,0
302,2007,304,2400,.019,.018,.019,20.43,6.82,13.28,-.548
301,2007,305,100,12.68,16.37,2.857,8.26,1.16,.208,.208,297.4,20.92,-.002,0
301,2007,305,200,12.59,16.36,2.756,7.72,1.639,.235,.235,316,22.82,.006,0
301,2007,305,300,12.61,16.36,2.507,7.31,1.799,.329,.329,12.41,48.42,.006,0
301,2007,305,400,12.59,16.35,2.382,6.869,1.4,.275,.275,29.87,19.6,.007,0
301,2007,305,500,12.58,16.35,2.07,6.381,1.24,.203,.203,294.5,9.17,.007,0
301,2007,305,600,12.56,16.35,1.505,5.987,1.559,.334,.334,6.515,32.03,.003,0
301,2007,305,700,12.97,16.35,1.902,6.08,1.08,.154,.154,12.76,34.03,-.011,0
301,2007,305,800,13.66,16.36,5.581,10.78,1.32,.357,.357,216.8,22.24,.001,0
301,2007,305,900,13.46,16.39,9.13,14.55,2.518,.895,.895,140.6,36.15,.014,0
301,2007,305,1000,13.37,16.4,10.92,16.65,4.196,1.761,1.761,121,24.24,-.039,0
301,2007,305,1100,13.36,16.41,10.66,18.48,5.475,2.741,2.741,116.5,23.66,-.039,0
301,2007,305,1200,13.37,16.42,11.14,19.82,5.554,2.774,2.774,116.2,23.93,-.039,0
301,2007,305,1300,13.37,16.43,12.29,20.08,4.516,2.246,2.246,119.1,26.88,-.007,0
301,2007,305,1400,13.37,16.42,13.1,18.91,5.395,2.442,2.442,119.1,27.77,.026,0
301,2007,305,1500,13.37,16.42,12.93,17.2,4.596,2.386,2.386,122.9,28.51,-.021,0
301,2007,305,1600,13.11,16.41,10.47,15.32,2.518,.458,.458,152.5,27.65,-.001,0
301,2007,305,1700,12.97,16.39,8.24,13.78,3.956,1.08,1.08,110.5,18.58,-.001,0
301,2007,305,1800,12.89,16.38,6.368,12.33,1.959,.216,.216,71.2,24,0,0
301,2007,305,1900,12.83,16.38,5.074,11.25,.92,.17,.17,348.6,46.67,-.002,0
301,2007,305,2000,12.78,16.37,3.692,10.16,1.32,.384,.384,298.4,27.34,-.016,0
301,2007,305,2100,12.75,16.36,2.462,9.31,1.32,.341,.341,283.7,25.88,.001,0
301,2007,305,2200,12.72,16.36,2.001,8.58,1.24,.256,.256,304.8,32.84,-.034,0
301,2007,305,2300,12.69,16.36,1.274,7.95,1.799,.566,.566,320.2,42.24,-.005,0
301,2007,305,2400,12.66,16.35,1.21,7.33,1.559,.559,.559,298.2,24.13,-.037,0
302,2007,305,2400,.019,.018,.018,20.27,5.622,14.49,-.16
301,2007,306,100,12.64,16.35,.813,6.787,1.879,.292,.292,306.8,24.06,.006,0
301,2007,306,200,12.55,16.34,.663,6.286,1.24,.13,.13,297.2,10.75,.028,0
301,2007,306,300,12.57,16.34,.089,5.801,1.4,.264,.264,334.6,39.25,-.015,0
301,2007,306,400,12.56,16.34,-.374,5.246,1.32,.352,.352,299.7,13.17,-.028,0
301,2007,306,500,12.54,16.33,-.542,4.785,1.559,.419,.419,298,28.9,-.035,0
301,2007,306,600,12.53,16.33,-.669,4.375,1.559,.215,.215,336.2,28.78,-.018,0
301,2007,306,700,12.93,16.33,-.215,4.374,1.08,.117,.117,299.5,10.32,-.017,0
301,2007,306,800,13.73,16.35,4.223,8.86,1.08,.216,.216,131.7,21.81,-.02,0
301,2007,306,900,13.51,16.37,6.81,12.82,1.559,.522,.522,181.8,34.58,-.017,0
301,2007,306,1000,13.39,16.4,10.06,15.53,2.758,1.147,1.147,129.8,34.37,.016,0
301,2007,306,1100,13.37,16.41,9.36,17.47,4.755,2.651,2.651,115.5,22.97,.006,0
301,2007,306,1200,13.39,16.41,9.9,18.76,5.554,2.872,2.872,111.7,23.93,-.011,0
301,2007,306,1300,13.4,16.42,11.36,18.92,4.676,2.258,2.258,111.6,25.57,.005,0
301,2007,306,1400,13.38,16.42,13.06,17.97,4.835,2.388,2.388,119.4,25.17,-.025,.729
