501,2008,64,1500,13.34,19.99,15.21,19.65,0,0,0,0,0,-.029,.292
501,2008,64,1600,13.15,19.99,14.03,19.04,0,0,0,0,0,-.021,.146
501,2008,64,1700,12.97,19.98,13.35,16.51,0,0,0,0,0,-.024,0
501,2008,64,1800,12.92,19.97,13.67,14.15,0,0,0,0,0,-.022,0
501,2008,64,1900,12.89,19.95,13.95,12.41,0,0,0,0,0,-.026,0
501,2008,64,2000,12.87,19.94,12.23,11.29,0,0,0,0,0,-.032,0
501,2008,64,2100,12.86,19.93,9.45,10.39,0,0,0,0,0,-.024,0
501,2008,64,2200,12.84,19.91,8.8,9.26,0,0,0,0,0,-.025,0
501,2008,64,2300,12.83,19.91,9.45,8.6,0,0,0,0,0,-.029,0
501,2008,64,2400,12.82,19.91,9.2,8.39,0,0,0,0,0,-.028,0
502,2008,64,2400,.088,0,.083,19.72,8.3,15.85,7.67
501,2008,65,100,12.82,19.91,8.45,8.18,0,0,0,0,0,-.035,0
501,2008,65,200,12.81,19.9,7.41,7.79,0,0,0,0,0,-.023,0
501,2008,65,300,12.8,19.89,4.441,7.16,0,0,0,0,0,-.014,0
501,2008,65,400,12.78,19.88,3.54,6.233,0,0,0,0,0,-.017,0
501,2008,65,500,12.77,19.87,3.123,5.473,0,0,0,0,0,-.018,0
501,2008,65,600,12.76,19.87,2.615,5.063,0,0,0,0,0,-.028,0
501,2008,65,700,13.25,19.86,1.74,4.781,0,0,0,0,0,-.044,0
501,2008,65,800,13.81,19.86,2.851,4.917,0,0,0,0,0,-.033,0
501,2008,65,900,13.77,19.87,3.097,6.036,0,0,0,0,0,-.026,0
501,2008,65,1000,13.75,19.88,3.387,7.68,0,0,0,0,0,-.037,0
501,2008,65,1100,13.71,19.89,4.32,9.45,0,0,0,0,0,-.022,0
501,2008,65,1200,13.68,19.89,5.242,11.17,0,0,0,0,0,-.024,0
501,2008,65,1300,13.64,19.9,6.017,12.75,0,0,0,0,0,-.024,0
501,2008,65,1400,13.62,19.91,6.795,13.81,0,0,0,0,0,-.017,0
501,2008,65,1500,13.61,19.91,7.25,14.03,0,0,0,0,0,-.028,0
501,2008,65,1600,13.37,19.9,6.983,13.39,0,0,0,0,0,-.031,0
501,2008,65,1700,13.03,19.88,7.23,11.53,0,0,0,0,0,-.028,0
501,2008,65,1800,12.95,19.87,7.33,9.95,0,0,0,0,0,-.023,0
501,2008,65,1900,12.91,19.86,7.4,8.75,0,0,0,0,0,-.033,0
501,2008,65,2000,12.89,19.85,6.624,7.86,0,0,0,0,0,-.03,0
501,2008,65,2100,12.87,19.85,5.873,7.21,0,0,0,0,0,-.026,0
501,2008,65,2200,12.85,19.84,5.184,6.394,0,0,0,0,0,-.026,0
501,2008,65,2300,12.83,19.83,5.108,5.624,0,0,0,0,0,-.028,0
501,2008,65,2400,12.82,19.82,3.996,4.985,0,0,0,0,0,-.035,0
502,2008,65,2400,.086,.084,.085,14.08,4.649,9.18,.979
501,2008,66,100,12.8,19.81,4.471,4.264,0,0,0,0,0,-.022,0
501,2008,66,200,12.79,19.8,3.691,3.575,0,0,0,0,0,-.028,0
501,2008,66,300,12.78,19.79,.94,2.919,0,0,0,0,0,-.023,0
501,2008,66,400,12.76,19.79,2.452,2.38,0,0,0,0,0,-.03,0
501,2008,66,500,12.75,19.78,1.986,1.99,0,0,0,0,0,-.028,0
501,2008,66,600,12.74,19.77,1.952,1.652,0,0,0,0,0,-.029,0
501,2008,66,700,13.32,19.77,1.886,1.364,0,0,0,0,0,-.021,0
501,2008,66,800,13.8,19.78,4.223,1.509,0,0,0,0,0,-.041,0
501,2008,66,900,13.69,19.81,6.63,3.547,0,0,0,0,0,-.038,0
501,2008,66,1000,13.61,19.82,7.34,6.651,0,0,0,0,0,-.034,0
501,2008,66,1100,13.54,19.84,8.27,9.95,0,0,0,0,0,-.034,0
501,2008,66,1200,13.49,19.85,8.87,12.94,0,0,0,0,0,-.021,0
501,2008,66,1300,13.43,19.86,10.08,15.15,0,0,0,0,0,-.026,0
501,2008,66,1400,13.41,19.88,11,16.53,0,0,0,0,0,-.03,0
501,2008,66,1500,13.41,19.88,11.44,16.98,0,0,0,0,0,-.035,0
501,2008,66,1600,13.45,19.88,11.27,16.43,0,0,0,0,0,-.034,0
501,2008,66,1700,13.54,19.88,10.39,14.87,0,0,0,0,0,-.038,0
501,2008,66,1800,13.08,19.87,9.4,13.18,0,0,0,0,0,-.036,0
501,2008,66,1900,12.95,19.85,8.77,11.56,0,0,0,0,0,-.031,0
501,2008,66,2000,12.91,19.84,8.53,10.15,0,0,0,0,0,-.025,0
501,2008,66,2100,12.88,19.83,8.41,9.01,0,0,0,0,0,-.03,0
501,2008,66,2200,12.86,19.82,7.75,7.95,0,0,0,0,0,-.025,0
501,2008,66,2300,12.84,19.81,7.13,7.06,0,0,0,0,0,-.033,0
501,2008,66,2400,12.83,19.8,7.31,6.456,0,0,0,0,0,-.025,0
502,2008,66,2400,.085,.083,.084,17.02,1.275,12.23,.087
501,2008,67,100,12.82,19.8,6.712,5.924,0,0,0,0,0,-.029,0
501,2008,67,200,12.81,19.79,6.381,5.279,0,0,0,0,0,-.02,0
501,2008,67,300,12.8,19.78,5.686,4.642,0,0,0,0,0,-.024,0
501,2008,67,400,12.79,19.77,5.935,4.062,0,0,0,0,0,-.021,0
501,2008,67,500,12.78,19.76,5.759,3.528,0,0,0,0,0,-.024,0
501,2008,67,600,12.77,19.76,5.254,3.06,0,0,0,0,0,-.03,0
501,2008,67,700,12.84,19.75,4.99,2.633,0,0,0,0,0,-.02,0
501,2008,67,800,13.72,19.75,10.47,2.869,0,0,0,0,0,-.034,0
501,2008,67,900,13.57,19.79,10.05,5.525,0,0,0,0,0,-.024,0
501,2008,67,1000,13.51,19.82,10.38,9.07,0,0,0,0,0,-.03,0
501,2008,67,1100,13.47,19.83,10.99,12.53,0,0,0,0,0,-.03,0
501,2008,67,1200,13.42,19.83,12.02,15.49,0,0,0,0,0,-.03,0
501,2008,67,1300,13.37,19.85,13.06,17.66,0,0,0,0,0,-.035,0
501,2008,67,1400,13.37,19.86,13.09,18.48,0,0,0,0,0,-.02,0
501,2008,67,1500,13.37,19.87,13.72,18.37,0,0,0,0,0,-.017,0
501,2008,67,1600,13.43,19.88,12.93,17.68,0,0,0,0,0,-.028,0
501,2008,67,1700,13.41,19.87,11.94,15.72,0,0,0,0,0,-.038,0
501,2008,67,1800,13.03,19.85,11.28,13.96,0,0,0,0,0,-.037,0
501,2008,67,1900,12.95,19.85,11.12,12.51,0,0,0,0,0,-.031,0
501,2008,67,2000,12.91,19.83,10.2,11.23,0,0,0,0,0,-.028,0
501,2008,67,2100,12.88,19.82,9.59,10.1,0,0,0,0,0,-.029,0
501,2008,67,2200,12.86,19.81,9.54,9.14,0,0,0,0,0,-.031,0
501,2008,67,2300,12.85,19.81,9.14,8.4,0,0,0,0,0,-.033,0
501,2008,67,2400,12.84,19.8,8.79,7.76,0,0,0,0,0,-.025,0
502,2008,67,2400,.085,.082,.084,18.54,2.436,15.07,4.44
501,2008,68,100,12.83,19.8,9.07,7.33,0,0,0,0,0,-.023,0
501,2008,68,200,12.83,19.79,10.04,7.19,0,0,0,0,0,-.033,0
501,2008,68,300,12.83,19.8,10.08,7.44,0,0,0,0,0,-.027,0
501,2008,68,400,12.83,19.79,9.58,7.36,0,0,0,0,0,-.034,0
501,2008,68,500,12.82,19.79,8.26,6.86,0,0,0,0,0,-.036,0
501,2008,68,600,12.8,19.77,7.72,6.203,0,0,0,0,0,-.023,0
501,2008,68,700,13.29,19.77,8.71,5.602,0,0,0,0,0,-.025,0
501,2008,68,800,13.62,19.78,10.8,6.064,0,0,0,0,0,-.048,0
501,2008,68,900,13.52,19.79,13.02,8.38,0,0,0,0,0,-.046,0
501,2008,68,1000,13.46,19.82,13.41,11.49,0,0,0,0,0,-.038,0
501,2008,68,1100,13.42,19.83,13.95,14.51,0,0,0,0,0,-.032,0
501,2008,68,1200,13.43,19.83,13.9,16.42,0,0,0,0,0,-.017,0
501,2008,68,1300,13.43,19.85,14.19,17.49,0,0,0,0,0,-.022,0
501,2008,68,1400,13.45,19.85,13.1,17.77,0,0,0,0,0,-.02,0
501,2008,68,1500,13.48,19.85,11.83,17.31,0,0,0,0,0,-.032,.146
501,2008,68,1600,13.31,19.85,10.51,16.31,0,0,0,0,0,-.03,0
501,2008,68,1700,13.02,19.83,9.72,14.43,0,0,0,0,0,-.026,0
501,2008,68,1800,12.94,19.82,8.82,12.81,0,0,0,0,0,-.028,0
501,2008,68,1900,12.91,19.81,8.26,11.58,0,0,0,0,0,-.044,0
501,2008,68,2000,12.88,19.81,7.76,10.65,0,0,0,0,0,-.025,0
501,2008,68,2100,12.86,19.8,7.42,9.79,0,0,0,0,0,-.026,0
501,2008,68,2200,12.85,19.79,7.2,9.03,0,0,0,0,0,-.025,0
501,2008,68,2300,12.83,19.78,6.538,8.43,0,0,0,0,0,-.022,0
501,2008,68,2400,12.82,19.78,6.137,7.85,0,0,0,0,0,-.053,0
502,2008,68,2400,.084,.083,.084,17.84,5.435,15.73,5.811
501,2008,69,100,12.81,19.77,6.356,7.32,0,0,0,0,0,-.027,0
501,2008,69,200,12.81,19.76,6.087,6.908,0,0,0,0,0,-.035,0
501,2008,69,300,12.8,19.76,5.889,6.492,0,0,0,0,0,-.024,0
501,2008,69,400,12.79,19.75,5.701,6.076,0,0,0,0,0,-.038,0
501,2008,69,500,12.79,19.74,5.537,5.788,0,0,0,0,0,-.04,0
501,2008,69,600,12.78,19.74,5.432,5.537,0,0,0,0,0,-.034,0
501,2008,69,700,13.34,19.74,5.689,5.112,0,0,0,0,0,-.034,0
501,2008,69,800,13.71,19.75,6.817,5.565,0,0,0,0,0,-.031,0
501,2008,69,900,13.68,19.76,7.02,7.16,0,0,0,0,0,-.024,0
501,2008,69,1000,13.64,19.77,9.22,9.17,0,0,0,0,0,-.03,0
501,2008,69,1100,13.59,19.78,10.39,11.48,0,0,0,0,0,-.039,0
501,2008,69,1200,13.55,19.79,10.86,13.53,0,0,0,0,0,-.029,0
501,2008,69,1300,13.5,19.8,12.08,15.39,0,0,0,0,0,-.02,0
501,2008,69,1400,13.46,19.81,13.03,16.87,0,0,0,0,0,-.028,0
501,2008,69,1500,13.43,19.81,13.62,17.65,0,0,0,0,0,-.015,0
501,2008,69,1600,13.24,19.82,12.91,17.5,0,0,0,0,0,-.033,0
501,2008,69,1700,13.02,19.81,12.21,15.55,0,0,0,0,0,-.03,0
501,2008,69,1800,12.95,19.79,11.81,13.48,0,0,0,0,0,-.031,0
501,2008,69,1900,12.92,19.77,11.58,11.82,0,0,0,0,0,-.031,0
501,2008,69,2000,12.89,19.76,11.07,10.52,0,0,0,0,0,-.025,0
501,2008,69,2100,12.87,19.75,10.19,9.42,0,0,0,0,0,-.033,0
501,2008,69,2200,12.85,19.75,9.46,8.5,0,0,0,0,0,-.03,0
501,2008,69,2300,12.84,19.74,8.87,7.73,0,0,0,0,0,-.038,0
501,2008,69,2400,12.83,19.73,8.68,7.05,0,0,0,0,0,-.033,0
502,2008,69,2400,.084,.082,.083,17.79,4.972,14.2,4.06
501,2008,70,100,12.82,19.72,8.48,6.456,0,0,0,0,0,-.023,0
501,2008,70,200,12.81,19.72,8.45,5.973,0,0,0,0,0,-.032,0
501,2008,70,300,12.8,19.71,7.81,5.546,0,0,0,0,0,-.034,0
501,2008,70,400,12.8,19.7,7.16,5.123,0,0,0,0,0,-.026,0
501,2008,70,500,12.79,19.7,7.32,4.705,0,0,0,0,0,-.033,0
501,2008,70,600,12.78,19.69,6.912,4.331,0,0,0,0,0,-.021,0
501,2008,70,700,13.22,19.69,8.38,4.003,0,0,0,0,0,-.025,0
501,2008,70,800,13.63,19.7,13.01,4.608,0,0,0,0,0,-.055,0
501,2008,70,900,13.5,19.72,12.57,7.34,0,0,0,0,0,-.041,0
501,2008,70,1000,13.46,19.74,12.02,10.77,0,0,0,0,0,-.035,0
501,2008,70,1100,13.42,19.76,12.98,14.04,0,0,0,0,0,-.032,0
501,2008,70,1200,13.39,19.77,13.77,16.78,0,0,0,0,0,-.009,.146
501,2008,70,1300,13.35,19.78,14.45,18.64,0,0,0,0,0,-.026,0
501,2008,70,1400,13.34,19.79,15.06,19.54,0,0,0,0,0,-.022,0
501,2008,70,1500,13.37,19.8,15.2,19.31,0,0,0,0,0,-.029,0
501,2008,70,1600,13.35,19.8,14.82,18.59,0,0,0,0,0,-.029,0
501,2008,70,1700,13.08,19.79,13.9,16.86,0,0,0,0,0,-.035,0
501,2008,70,1800,12.97,19.78,13.36,15.15,0,0,0,0,0,-.034,0
501,2008,70,1900,12.93,19.77,13.24,13.75,0,0,0,0,0,-.028,0
501,2008,70,2000,12.9,19.76,12.88,12.73,0,0,0,0,0,-.035,0
501,2008,70,2100,12.89,19.75,11.56,11.89,0,0,0,0,0,-.039,0
501,2008,70,2200,12.87,19.74,11.42,10.94,0,0,0,0,0,-.032,0
501,2008,70,2300,12.85,19.73,11.04,10.12,0,0,0,0,0,-.034,0
501,2008,70,2400,12.84,19.72,10.69,9.49,0,0,0,0,0,-.023,0
502,2008,70,2400,.083,.081,.082,19.65,3.908,16.02,6.414
501,2008,71,100,12.83,19.72,10.55,8.84,0,0,0,0,0,-.03,0
501,2008,71,200,12.83,19.71,10.34,8.33,0,0,0,0,0,-.033,0
501,2008,71,300,12.82,19.7,9.99,8.08,0,0,0,0,0,-.024,0
501,2008,71,400,12.82,19.71,9.93,7.84,0,0,0,0,0,-.03,0
501,2008,71,500,12.81,19.7,10.03,7.61,0,0,0,0,0,-.023,0
501,2008,71,600,12.81,19.7,9.35,7.33,0,0,0,0,0,-.035,0
501,2008,71,700,12.81,19.7,9.49,7.31,0,0,0,0,0,-.041,0
501,2008,71,800,13.32,19.7,10.52,7.55,0,0,0,0,0,-.033,0
501,2008,71,900,13.57,19.7,14.16,8.63,0,0,0,0,0,-.038,0
501,2008,71,1000,13.44,19.72,15.85,11.64,0,0,0,0,0,-.04,0
501,2008,71,1100,13.41,19.73,16.64,14.96,0,0,0,0,0,-.042,0
501,2008,71,1200,13.37,19.75,17.51,17.61,0,0,0,0,0,-.029,0
501,2008,71,1300,13.34,19.76,17.9,19.41,0,0,0,0,0,-.028,0
501,2008,71,1400,13.32,19.78,18.61,20.49,0,0,0,0,0,-.032,.146
501,2008,71,1500,13.29,19.79,19.26,21.1,0,0,0,0,0,-.05,.292
501,2008,71,1600,13.3,19.79,18.67,21.14,0,0,0,0,0,-.021,.146
501,2008,71,1700,13.34,19.78,17.6,19.86,0,0,0,0,0,-.043,0
501,2008,71,1800,13,19.78,16.64,18.27,0,0,0,0,0,-.037,0
501,2008,71,1900,12.94,19.77,16.2,16.66,0,0,0,0,0,-.027,0
501,2008,71,2000,12.91,19.75,14.89,15.14,0,0,0,0,0,-.028,0
501,2008,71,2100,12.89,19.74,14.97,13.78,0,0,0,0,0,-.048,0
501,2008,71,2200,12.88,19.72,13.9,12.75,0,0,0,0,0,-.026,0
501,2008,71,2300,12.86,19.72,12.63,11.77,0,0,0,0,0,-.032,0
501,2008,71,2400,12.85,19.71,12.25,10.84,0,0,0,0,0,-.029,0
502,2008,71,2400,.083,.081,.082,21.31,7.2,20.53,8.3
501,2008,72,100,12.84,19.7,11.79,10.07,0,0,0,0,0,-.027,0
501,2008,72,200,12.83,19.7,11.18,9.49,0,0,0,0,0,-.026,0
501,2008,72,300,12.82,19.68,10.79,8.88,0,0,0,0,0,-.027,0
501,2008,72,400,12.81,19.68,11.2,8.38,0,0,0,0,0,-.031,0
501,2008,72,500,12.81,19.68,10.09,8.04,0,0,0,0,0,-.03,0
501,2008,72,600,12.8,19.67,10.44,7.57,0,0,0,0,0,-.028,0
501,2008,72,700,12.87,19.67,10.64,7.31,0,0,0,0,0,-.023,0
501,2008,72,800,13.32,19.67,10.75,7.54,0,0,0,0,0,-.03,0
501,2008,72,900,13.6,19.68,13.42,8.43,0,0,0,0,0,-.04,0
501,2008,72,1000,13.46,19.7,15.65,11.33,0,0,0,0,0,-.037,0
501,2008,72,1100,13.39,19.71,15.32,14.91,0,0,0,0,0,-.031,0
501,2008,72,1200,13.37,19.73,17.32,17.49,0,0,0,0,0,-.029,0
501,2008,72,1300,13.33,19.74,17.74,19.57,0,0,0,0,0,-.032,0
501,2008,72,1400,13.31,19.75,18.58,20.59,0,0,0,0,0,-.041,0
501,2008,72,1500,13.28,19.76,18.96,21.48,0,0,0,0,0,-.022,0
501,2008,72,1600,13.32,19.77,18.37,21.26,0,0,0,0,0,-.043,.146
501,2008,72,1700,13.16,19.76,17.35,19.58,0,0,0,0,0,-.036,0
501,2008,72,1800,12.97,19.74,17.21,17.71,0,0,0,0,0,-.042,0
501,2008,72,1900,12.93,19.74,16.1,16.42,0,0,0,0,0,-.032,0
501,2008,72,2000,12.91,19.73,15.65,15.53,0,0,0,0,0,-.033,0
501,2008,72,2100,12.89,19.72,15.47,14.81,0,0,0,0,0,-.037,0
501,2008,72,2200,12.88,19.71,15.03,14.2,0,0,0,0,0,-.038,0
501,2008,72,2300,12.87,19.7,14.55,13.57,0,0,0,0,0,-.026,0
501,2008,72,2400,12.86,19.7,13.64,12.99,0,0,0,0,0,-.043,0
502,2008,72,2400,.083,.081,.081,21.64,7.27,20.13,9.36
501,2008,73,100,12.85,19.68,12.94,12.18,0,0,0,0,0,-.035,0
501,2008,73,200,12.84,19.68,12.57,11.48,0,0,0,0,0,-.05,0
501,2008,73,300,12.83,19.67,12.5,10.9,0,0,0,0,0,-.027,0
501,2008,73,400,12.83,19.67,12.94,10.55,0,0,0,0,0,-.041,0
501,2008,73,500,12.83,19.66,12.04,10.26,0,0,0,0,0,-.038,0
501,2008,73,600,12.82,19.66,12.48,9.77,0,0,0,0,0,-.029,0
501,2008,73,700,13.21,19.65,12.87,9.47,0,0,0,0,0,-.029,0
501,2008,73,800,13.51,19.66,15.17,10.11,0,0,0,0,0,-.039,0
501,2008,73,900,13.47,19.68,14.08,12.27,0,0,0,0,0,-.032,0
501,2008,73,1000,13.51,19.68,14.6,13.41,0,0,0,0,0,-.036,0
501,2008,73,1100,13.42,19.69,16.8,15.26,0,0,0,0,0,-.03,0
501,2008,73,1200,13.4,19.69,16.51,17.29,0,0,0,0,0,-.022,0
501,2008,73,1300,13.37,19.71,16.25,18.83,8.35,.023,.023,0,.003,-.034,0
501,2008,73,1400,13.38,19.72,15.92,19.73,0,0,0,0,0,-.023,0
501,2008,73,1500,13.39,19.72,15.35,19.9,0,0,0,0,0,-.02,0
501,2008,73,1600,13.43,19.72,13.86,19.45,0,0,0,0,0,-.019,0
501,2008,73,1700,13.13,19.71,12.68,17.57,0,0,0,0,0,-.014,0
501,2008,73,1800,12.96,19.7,12.08,15.75,0,0,0,0,0,-.024,0
501,2008,73,1900,12.92,19.68,11.26,14.31,0,0,0,0,0,-.029,0
501,2008,73,2000,12.89,19.67,10.77,13.18,0,0,0,0,0,-.016,0
501,2008,73,2100,12.88,19.66,10.12,12.36,0,0,0,0,0,-.018,0
501,2008,73,2200,12.86,19.66,9.19,11.69,0,0,0,0,0,-.019,0
501,2008,73,2300,12.84,19.65,8.08,10.86,0,0,0,0,0,-.013,0
501,2008,73,2400,12.83,19.64,6.774,10.07,0,0,0,0,0,-.016,0
502,2008,73,2400,.082,.08,.081,19.95,9.4,18.42,6.147
501,2008,74,100,12.81,19.64,6.51,9.28,0,0,0,0,0,-.021,0
501,2008,74,200,12.8,19.62,6.048,8.65,0,0,0,0,0,-.016,0
501,2008,74,300,12.79,19.62,6.074,8.09,0,0,0,0,0,-.023,0
501,2008,74,400,12.78,19.61,6.442,7.54,0,0,0,0,0,-.02,0
501,2008,74,500,12.78,19.6,5.2,6.943,0,0,0,0,0,-.017,0
501,2008,74,600,12.76,19.59,4.457,6.14,0,0,0,0,0,-.022,0
501,2008,74,700,13.45,19.59,6.704,5.673,0,0,0,0,0,-.015,0
501,2008,74,800,13.67,19.6,8.25,6.466,0,0,0,0,0,-.029,0
501,2008,74,900,13.63,19.62,8.06,8.78,0,0,0,0,0,-.023,0
501,2008,74,1000,13.61,19.63,8.38,11.27,0,0,0,0,0,-.017,0
501,2008,74,1100,13.58,19.64,9.41,13.64,0,0,0,0,0,-.025,0
501,2008,74,1200,13.52,19.65,10.33,16.23,0,0,0,0,0,-.014,0
501,2008,74,1300,13.45,19.67,10.85,18.48,0,0,0,0,0,-.017,0
501,2008,74,1400,13.45,19.67,10.38,19.6,0,0,0,0,0,-.016,0
501,2008,74,1500,13.45,19.68,10.36,19.85,0,0,0,0,0,-.019,0
501,2008,74,1600,13.38,19.68,8.85,19.19,0,0,0,0,0,-.023,0
501,2008,74,1700,13.02,19.67,7.7,16.73,0,0,0,0,0,-.015,0
501,2008,74,1800,12.94,19.65,7.35,14.47,0,0,0,0,0,-.033,0
501,2008,74,1900,12.9,19.64,7.51,12.8,0,0,0,0,0,-.015,0
501,2008,74,2000,12.88,19.63,6.98,11.58,0,0,0,0,0,-.024,0
501,2008,74,2100,12.85,19.61,5.655,10.53,0,0,0,0,0,-.02,0
501,2008,74,2200,12.83,19.61,4.222,9.5,0,0,0,0,0,-.016,0
501,2008,74,2300,12.82,19.59,3.444,8.49,0,0,0,0,0,-.019,0
501,2008,74,2400,12.8,19.59,4.757,7.64,0,0,0,0,0,-.015,0
502,2008,74,2400,.081,.079,.08,19.9,5.619,12.07,2.717
501,2008,75,100,12.79,19.58,3.821,7.16,0,0,0,0,0,-.015,0
501,2008,75,200,12.78,19.57,3.004,6.548,0,0,0,0,0,-.015,0
501,2008,75,300,12.77,19.57,2.549,6.128,0,0,0,0,0,-.019,0
501,2008,75,400,12.77,19.56,2.391,5.758,0,0,0,0,0,-.018,0
501,2008,75,500,12.76,19.56,2.035,5.354,0,0,0,0,0,-.02,0
501,2008,75,600,12.75,19.55,1.919,4.984,0,0,0,0,0,-.034,0
501,2008,75,700,13.5,19.55,1.923,4.519,0,0,0,0,0,-.022,0
501,2008,75,800,13.79,19.55,4.367,4.969,0,0,0,0,0,-.03,0
501,2008,75,900,13.7,19.58,4.781,7.18,0,0,0,0,0,-.035,0
501,2008,75,1000,13.69,19.59,5.169,9.61,0,0,0,0,0,-.025,0
501,2008,75,1100,13.66,19.6,5.869,11.76,0,0,0,0,0,-.022,0
501,2008,75,1200,13.61,19.61,5.87,14.25,0,0,0,0,0,-.023,0
501,2008,75,1300,13.65,19.61,4.892,15.23,0,0,0,0,0,-.021,0
501,2008,75,1400,13.71,19.61,3.567,13.89,0,0,0,0,0,-.023,0
501,2008,75,1500,13.77,19.59,2.799,12.39,0,0,0,0,0,-.034,0
501,2008,75,1600,13.79,19.59,2.808,11.56,0,0,0,0,0,-.04,0
501,2008,75,1700,13.82,19.59,2.646,10.8,0,0,0,0,0,-.032,0
501,2008,75,1800,13.32,19.57,2.171,9.88,0,0,0,0,0,-.022,0
501,2008,75,1900,12.98,19.57,.715,8.85,0,0,0,0,0,-.031,0
501,2008,75,2000,12.93,19.55,.283,7.81,0,0,0,0,0,-.035,0
501,2008,75,2100,12.89,19.54,.047,6.87,0,0,0,0,0,-.022,0
501,2008,75,2200,12.86,19.54,-.465,6.076,0,0,0,0,0,-.034,0
501,2008,75,2300,12.84,19.53,-.6,5.393,0,0,0,0,0,-.032,0
501,2008,75,2400,12.82,19.53,-.989,4.798,0,0,0,0,0,-.028,0
502,2008,75,2400,.079,.078,.079,15.61,4.403,7.86,-1.378
501,2008,76,100,12.8,19.52,-1.233,4.278,0,0,0,0,0,-.018,0
501,2008,76,200,12.78,19.52,-1.349,3.796,0,0,0,0,0,-.027,0
501,2008,76,300,12.77,19.51,-1.868,3.34,0,0,0,0,0,-.032,0
501,2008,76,400,12.76,19.5,-2.018,2.91,0,0,0,0,0,-.029,0
501,2008,76,500,12.75,19.5,-1.913,2.561,0,0,0,0,0,-.03,0
501,2008,76,600,12.73,19.5,-2.297,2.253,0,0,0,0,0,-.046,0
501,2008,76,700,13.58,19.49,-2.053,1.991,0,0,0,0,0,-.03,0
501,2008,76,800,13.92,19.51,-.919,2.457,0,0,0,0,0,-.028,0
501,2008,76,900,13.88,19.52,.485,4.003,0,0,0,0,0,-.032,0
501,2008,76,1000,13.84,19.54,1.739,5.781,0,0,0,0,0,-.025,0
501,2008,76,1100,13.79,19.54,2.812,7.72,0,0,0,0,0,-.025,0
501,2008,76,1200,13.78,19.55,2.854,9.09,0,0,0,0,0,-.028,0
501,2008,76,1300,13.74,19.55,3.361,10.19,0,0,0,0,0,-.028,0
501,2008,76,1400,13.72,19.56,3.389,11.28,0,0,0,0,0,-.026,0
501,2008,76,1500,13.78,19.56,2.268,10.94,0,0,0,0,0,-.038,0
501,2008,76,1600,13.82,19.54,2.218,9.46,0,0,0,0,0,-.039,0
501,2008,76,1700,13.45,19.53,1.414,8.4,0,0,0,0,0,-.026,0
501,2008,76,1800,13.29,19.52,1.687,7.28,0,0,0,0,0,-.026,0
501,2008,76,1900,12.98,19.52,1.364,6.511,0,0,0,0,0,-.027,0
501,2008,76,2000,12.94,19.51,1.151,5.872,0,0,0,0,0,-.034,0
501,2008,76,2100,12.9,19.51,1.033,5.399,0,0,0,0,0,-.023,0
501,2008,76,2200,12.88,19.51,.856,4.933,0,0,0,0,0,-.029,0
501,2008,76,2300,12.86,19.5,.538,4.39,0,0,0,0,0,-.052,0
501,2008,76,2400,12.84,19.49,.316,3.904,0,0,0,0,0,-.025,0
502,2008,76,2400,.078,.077,.077,11.5,1.933,4.342,-2.77
501,2008,77,100,12.82,19.48,-.363,3.397,0,0,0,0,0,-.033,0
501,2008,77,200,12.8,19.48,-1.406,2.786,0,0,0,0,0,-.026,0
501,2008,77,300,12.78,19.47,-1.121,2.047,0,0,0,0,0,-.035,0
501,2008,77,400,12.77,19.47,-.812,1.754,0,0,0,0,0,-.028,0
501,2008,77,500,12.76,19.47,-.918,1.646,0,0,0,0,0,-.039,0
501,2008,77,600,12.75,19.46,-.603,1.486,0,0,0,0,0,-.027,0
501,2008,77,700,13.64,19.46,.406,1.38,0,0,0,0,0,-.029,0
501,2008,77,800,13.85,19.48,2.49,2.115,0,0,0,0,0,-.037,0
501,2008,77,900,13.78,19.5,4.05,4.043,0,0,0,0,0,-.036,0
501,2008,77,1000,13.73,19.52,5.187,6.452,0,0,0,0,0,-.018,0
501,2008,77,1100,13.68,19.53,7.29,8.83,0,0,0,0,0,-.022,0
501,2008,77,1200,13.63,19.54,8.99,11.09,0,0,0,0,0,-.025,0
501,2008,77,1300,13.56,19.55,10.49,13.26,0,0,0,0,0,-.041,0
501,2008,77,1400,13.53,19.57,11.39,14.64,0,0,0,0,0,-.029,0
501,2008,77,1500,13.51,19.57,12.14,15.05,0,0,0,0,0,-.041,0
501,2008,77,1600,13.28,19.57,12.26,14.73,0,0,0,0,0,-.025,0
501,2008,77,1700,13.02,19.56,12.07,13.17,0,0,0,0,0,-.027,0
501,2008,77,1800,12.97,19.55,11.76,11.81,0,0,0,0,0,-.037,0
501,2008,77,1900,12.94,19.54,11.38,10.79,0,0,0,0,0,-.037,0
501,2008,77,2000,12.92,19.53,11.15,10.05,0,0,0,0,0,-.038,0
501,2008,77,2100,12.9,19.53,10.4,9.53,0,0,0,0,0,-.033,0
501,2008,77,2200,12.89,19.52,10.16,9.12,0,0,0,0,0,-.034,0
501,2008,77,2300,12.87,19.52,9.54,8.65,0,0,0,0,0,-.04,0
501,2008,77,2400,12.86,19.51,8.89,8.02,0,0,0,0,0,-.03,0
502,2008,77,2400,.078,.076,.077,15.1,1.323,12.74,-2.083
501,2008,78,100,12.84,19.51,8.95,7.32,0,0,0,0,0,-.04,0
501,2008,78,200,12.84,19.5,8.87,6.912,0,0,0,0,0,-.027,0
501,2008,78,300,12.83,19.5,8.7,6.834,0,0,0,0,0,-.03,0
501,2008,78,400,12.83,19.5,8.46,6.777,0,0,0,0,0,-.034,0
501,2008,78,500,12.82,19.5,8.66,6.635,0,0,0,0,0,-.031,0
501,2008,78,600,12.81,19.5,8.49,6.455,0,0,0,0,0,-.029,0
501,2008,78,700,13.45,19.49,9.32,6.303,0,0,0,0,0,-.031,0
501,2008,78,800,13.62,19.51,9.89,7.05,0,0,0,0,0,-.031,0
501,2008,78,900,13.57,19.52,11.26,9.15,0,0,0,0,0,-.027,0
501,2008,78,1000,13.52,19.53,12.39,11.8,0,0,0,0,0,-.031,0
501,2008,78,1100,13.48,19.54,13.72,14.31,0,0,0,0,0,-.029,0
501,2008,78,1200,13.43,19.56,15.02,16.81,0,0,0,0,0,-.019,0
501,2008,78,1300,13.35,19.58,16.07,19.26,0,0,0,0,0,-.03,0
501,2008,78,1400,13.31,19.6,16.34,20.94,0,0,0,0,0,-.023,0
501,2008,78,1500,13.32,19.61,16.33,21.3,0,0,0,0,0,-.023,0
501,2008,78,1600,13.2,19.61,15.35,20.5,0,0,0,0,0,-.031,0
501,2008,78,1700,13.01,19.6,14.44,18.28,0,0,0,0,0,-.025,0
501,2008,78,1800,12.95,19.59,13.98,16.3,0,0,0,0,0,-.024,0
501,2008,78,1900,12.92,19.58,13.25,14.74,0,0,0,0,0,-.025,0
501,2008,78,2000,12.9,19.56,12.7,13.37,0,0,0,0,0,-.029,0
501,2008,78,2100,12.88,19.55,11.74,12.2,0,0,0,0,0,-.029,0
501,2008,78,2200,12.87,19.54,11.92,11.3,0,0,0,0,0,-.025,0
501,2008,78,2300,12.86,19.53,11.65,10.56,0,0,0,0,0,-.034,0
501,2008,78,2400,12.85,19.53,11.33,10.03,0,0,0,0,0,-.031,0
502,2008,78,2400,.079,.077,.078,21.4,6.243,17.49,7.8
501,2008,79,100,12.84,19.52,11.29,9.65,0,0,0,0,0,-.028,0
501,2008,79,200,12.84,19.52,10.14,9.26,0,0,0,0,0,-.023,0
501,2008,79,300,12.82,19.51,9.02,8.51,0,0,0,0,0,-.026,0
501,2008,79,400,12.81,19.49,8.86,7.8,0,0,0,0,0,-.033,0
501,2008,79,500,12.8,19.49,8.43,7.24,0,0,0,0,0,-.025,0
501,2008,79,600,12.79,19.48,8.13,6.766,0,0,0,0,0,-.024,0
501,2008,79,700,12.84,19.48,7.89,6.345,0,0,0,0,0,-.034,0
501,2008,79,800,13.59,19.48,11.49,6.647,0,0,0,0,0,-.035,0
501,2008,79,900,13.5,19.51,12.2,9.54,0,0,0,0,0,-.028,0
501,2008,79,1000,13.45,19.52,12.82,12.93,0,0,0,0,0,-.035,0
501,2008,79,1100,13.41,19.54,13.24,16.06,0,0,0,0,0,-.026,0
501,2008,79,1200,13.4,19.56,14.32,18.26,0,0,0,0,0,-.033,0
501,2008,79,1300,13.38,19.57,14.95,19.49,0,0,0,0,0,-.015,0
501,2008,79,1400,13.37,19.58,15.48,20.06,0,0,0,0,0,-.015,0
501,2008,79,1500,13.37,19.58,15.95,20.12,0,0,0,0,0,-.029,0
501,2008,79,1600,13.19,19.58,15.22,19.52,0,0,0,0,0,-.031,0
501,2008,79,1700,13,19.58,14.13,17.62,0,0,0,0,0,-.029,0
501,2008,79,1800,12.94,19.56,13.23,15.83,0,0,0,0,0,-.027,0
501,2008,79,1900,12.91,19.55,12.99,14.25,0,0,0,0,0,-.032,0
501,2008,79,2000,12.89,19.54,12.91,12.96,0,0,0,0,0,-.022,0
501,2008,79,2100,12.88,19.52,12.56,12.08,0,0,0,0,0,-.03,0
501,2008,79,2200,12.87,19.52,12.04,11.31,0,0,0,0,0,-.031,0
501,2008,79,2300,12.85,19.5,10.76,10.5,0,0,0,0,0,-.022,0
501,2008,79,2400,12.84,19.5,9.27,9.7,0,0,0,0,0,-.028,0
502,2008,79,2400,.079,.076,.078,20.2,6.157,16.67,7.05
501,2008,80,100,12.83,19.49,8.87,8.98,0,0,0,0,0,-.022,0
501,2008,80,200,12.82,19.48,9.1,8.48,0,0,0,0,0,-.029,0
501,2008,80,300,12.81,19.48,7.83,7.99,0,0,0,0,0,-.042,0
501,2008,80,400,12.8,19.47,7.52,7.62,0,0,0,0,0,-.033,0
501,2008,80,500,12.79,19.47,7.45,7.17,0,0,0,0,0,-.023,0
501,2008,80,600,12.78,19.46,7.42,6.39,0,0,0,0,0,-.033,0
501,2008,80,700,13.4,19.45,9.11,5.785,0,0,0,0,0,-.029,0
501,2008,80,800,13.63,19.47,10.25,6.491,0,0,0,0,0,-.035,0
501,2008,80,900,13.55,19.49,11.05,9.13,0,0,0,0,0,-.033,0
501,2008,80,1000,13.49,19.5,12.21,12.32,0,0,0,0,0,-.045,0
501,2008,80,1100,13.44,19.52,13.77,15.49,0,0,0,0,0,-.042,0
501,2008,80,1200,13.39,19.54,14.88,18.47,0,0,0,0,0,-.025,0
501,2008,80,1300,13.35,19.55,15.3,20.52,0,0,0,0,0,-.031,0
501,2008,80,1400,13.33,19.56,15.71,21.7,0,0,0,0,0,-.022,0
501,2008,80,1500,13.36,19.57,15.21,21.66,0,0,0,0,0,-.031,0
501,2008,80,1600,13.33,19.57,14.09,21.03,0,0,0,0,0,-.039,0
501,2008,80,1700,13.02,19.56,13.32,18.72,0,0,0,0,0,-.025,0
501,2008,80,1800,12.95,19.55,12.84,16.58,0,0,0,0,0,-.021,0
501,2008,80,1900,12.91,19.52,12.61,14.89,0,0,0,0,0,-.023,0
501,2008,80,2000,12.89,19.52,11.76,13.6,0,0,0,0,0,-.029,0
501,2008,80,2100,12.87,19.51,11.03,12.37,0,0,0,0,0,-.029,0
501,2008,80,2200,12.85,19.5,10.1,11.16,0,0,0,0,0,-.026,0
501,2008,80,2300,12.84,19.48,9.22,10.12,0,0,0,0,0,-.027,0
501,2008,80,2400,12.82,19.47,8.85,9.25,0,0,0,0,0,-.031,0
502,2008,80,2400,.079,.076,.077,21.95,5.676,17.01,6.321
501,2008,81,100,12.81,19.46,7.86,8.5,0,0,0,0,0,-.026,0
501,2008,81,200,12.8,19.45,7.64,7.82,0,0,0,0,0,-.03,0
501,2008,81,300,12.79,19.44,7.16,7.21,0,0,0,0,0,-.023,0
501,2008,81,400,12.79,19.44,6.826,6.783,0,0,0,0,0,-.023,0
501,2008,81,500,12.78,19.44,6.554,6.344,0,0,0,0,0,-.03,0
501,2008,81,600,12.77,19.43,7,5.897,0,0,0,0,0,-.023,0
501,2008,81,700,13.5,19.42,9.58,5.617,0,0,0,0,0,-.034,0
501,2008,81,800,13.64,19.44,10.63,6.458,0,0,0,0,0,-.028,0
501,2008,81,900,13.55,19.46,11.92,9.02,0,0,0,0,0,-.043,0
501,2008,81,1000,13.46,19.48,13.14,12.44,0,0,0,0,0,-.035,0
501,2008,81,1100,13.42,19.5,14.13,15.8,0,0,0,0,0,-.033,0
501,2008,81,1200,13.38,19.51,15.53,18.72,0,0,0,0,0,-.031,0
501,2008,81,1300,13.33,19.52,16.21,20.96,0,0,0,0,0,-.028,0
501,2008,81,1400,13.3,19.54,16.76,22.31,0,0,0,0,0,-.029,0
501,2008,81,1500,13.3,19.55,16.55,22.71,0,0,0,0,0,-.018,0
501,2008,81,1600,13.32,19.56,15.46,21.89,0,0,0,0,0,-.033,0
501,2008,81,1700,13.07,19.54,14.65,19.55,0,0,0,0,0,-.027,0
501,2008,81,1800,12.95,19.53,13.97,17.43,0,0,0,0,0,-.026,0
501,2008,81,1900,12.92,19.52,13.39,15.7,0,0,0,0,0,-.024,0
501,2008,81,2000,12.89,19.5,12.98,14.13,0,0,0,0,0,-.033,0
501,2008,81,2100,12.87,19.49,12.17,12.87,0,0,0,0,0,-.03,0
501,2008,81,2200,12.86,19.48,11.71,11.98,0,0,0,0,0,-.029,0
501,2008,81,2300,12.85,19.47,11.37,11.51,0,0,0,0,0,-.017,0
501,2008,81,2400,12.84,19.47,10.57,11.17,0,0,0,0,0,-.027,0
502,2008,81,2400,.078,.075,.077,22.8,5.564,18.15,5.65
501,2008,82,100,12.84,19.47,9.64,10.78,0,0,0,0,0,-.039,0
501,2008,82,200,12.83,19.46,8.67,10.37,0,0,0,0,0,-.036,0
501,2008,82,300,12.82,19.45,8.45,9.96,0,0,0,0,0,-.036,0
501,2008,82,400,12.81,19.45,7.88,9.6,0,0,0,0,0,-.039,0
501,2008,82,500,12.81,19.45,7.5,9.23,0,0,0,0,0,-.03,0
501,2008,82,600,12.79,19.44,7.25,8.83,0,0,0,0,0,-.034,0
501,2008,82,700,13.49,19.43,8.16,8.51,0,0,0,0,0,-.028,0
501,2008,82,800,13.66,19.44,8.98,8.91,0,0,0,0,0,-.031,0
501,2008,82,900,13.62,19.45,9.81,10.48,0,0,0,0,0,-.035,0
501,2008,82,1000,13.59,19.46,10.88,12.31,0,0,0,0,0,-.034,0
501,2008,82,1100,13.55,19.47,12.69,14.29,0,0,0,0,0,-.022,0
501,2008,82,1200,13.51,19.48,13.44,16.33,0,0,0,0,0,-.022,0
501,2008,82,1300,13.45,19.49,14.63,18.13,0,0,0,0,0,-.021,0
501,2008,82,1400,13.4,19.5,15.41,19.75,0,0,0,0,0,-.029,0
501,2008,82,1500,13.36,19.51,15.82,20.76,0,0,0,0,0,-.021,0
501,2008,82,1600,13.37,19.52,14.73,20.79,0,0,0,0,0,-.014,0
501,2008,82,1700,13.11,19.51,13.75,18.82,0,0,0,0,0,-.026,0
501,2008,82,1800,12.97,19.49,13.37,16.67,0,0,0,0,0,-.025,0
501,2008,82,1900,12.93,19.47,12.87,14.88,0,0,0,0,0,-.034,0
501,2008,82,2000,12.9,19.47,12.57,13.39,0,0,0,0,0,-.031,0
501,2008,82,2100,12.88,19.45,12.09,12.21,0,0,0,0,0,-.042,0
501,2008,82,2200,12.87,19.44,11.63,11.35,0,0,0,0,0,-.049,0
501,2008,82,2300,12.85,19.43,11.31,10.52,0,0,0,0,0,-.039,0
501,2008,82,2400,12.84,19.42,10.88,9.77,0,0,0,0,0,-.045,0
502,2008,82,2400,.077,.075,.076,21.02,8.44,16.71,6.968
501,2008,83,100,12.83,19.42,10.25,9.08,0,0,0,0,0,-.053,0
501,2008,83,200,12.82,19.41,9.89,8.44,0,0,0,0,0,-.052,0
501,2008,83,300,12.81,19.4,9.43,7.84,0,0,0,0,0,-.053,0
501,2008,83,400,12.8,19.4,9.42,7.3,0,0,0,0,0,-.042,0
501,2008,83,500,12.8,19.39,8.77,6.829,0,0,0,0,0,-.054,0
501,2008,83,600,12.79,19.38,8.19,6.357,0,0,0,0,0,-.028,0
501,2008,83,700,13.51,19.38,12.32,6.03,0,0,0,0,0,-.034,0
501,2008,83,800,13.56,19.39,13.76,6.824,0,0,0,0,0,-.043,0
501,2008,83,900,13.45,19.42,14.39,9.82,0,0,0,0,0,-.03,0
501,2008,83,1000,13.4,19.44,14.1,13.43,0,0,0,0,0,-.028,0
501,2008,83,1100,13.38,19.46,14.75,16.69,0,0,0,0,0,-.03,0
501,2008,83,1200,13.35,19.47,15.7,19.37,0,0,0,0,0,-.024,0
501,2008,83,1300,13.32,19.48,16.68,21.16,0,0,0,0,0,-.02,0
501,2008,83,1400,13.3,19.49,17.32,22.21,0,0,0,0,0,-.033,0
501,2008,83,1500,13.31,19.51,17.5,22.42,0,0,0,0,0,-.037,0
501,2008,83,1600,13.21,19.51,16.61,21.72,0,0,0,0,0,-.03,0
501,2008,83,1700,13,19.49,15.65,19.59,0,0,0,0,0,-.026,0
501,2008,83,1800,12.94,19.48,15.14,17.63,0,0,0,0,0,-.028,0
501,2008,83,1900,12.91,19.47,14.65,16.13,0,0,0,0,0,-.03,0
501,2008,83,2000,12.89,19.46,14.12,14.9,0,0,0,0,0,-.024,0
501,2008,83,2100,12.88,19.45,13.88,13.79,0,0,0,0,0,-.029,0
501,2008,83,2200,12.87,19.44,13.4,12.91,0,0,0,0,0,-.03,0
501,2008,83,2300,12.86,19.43,13.07,12.14,0,0,0,0,0,-.034,0
501,2008,83,2400,12.85,19.42,12.9,11.44,0,0,0,0,0,-.034,0
502,2008,83,2400,.077,.074,.076,22.49,5.975,18.4,7.37
501,2008,84,100,12.84,19.41,12.59,10.85,0,0,0,0,0,-.027,0
501,2008,84,200,12.83,19.41,11.47,10.2,0,0,0,0,0,-.031,0
501,2008,84,300,12.83,19.4,11.52,9.56,0,0,0,0,0,-.032,0
501,2008,84,400,12.82,19.4,10.27,9.15,0,0,0,0,0,-.034,0
501,2008,84,500,12.81,19.39,9.27,8.51,0,0,0,0,0,-.03,0
501,2008,84,600,12.79,19.37,9.35,7.82,0,0,0,0,0,-.028,0
501,2008,84,700,13.52,19.37,13.29,7.36,0,0,0,0,0,-.035,0
501,2008,84,800,13.52,19.38,14.96,7.98,0,0,0,0,0,-.044,0
501,2008,84,900,13.46,19.4,14.09,10.78,0,0,0,0,0,-.045,0
501,2008,84,1000,13.42,19.42,15.29,14.07,0,0,0,0,0,-.023,0
501,2008,84,1100,13.38,19.43,16.2,17.27,0,0,0,0,0,-.026,0
501,2008,84,1200,13.34,19.45,17.09,20.08,0,0,0,0,0,-.025,0
501,2008,84,1300,13.29,19.47,17.8,22.32,0,0,0,0,0,-.034,0
501,2008,84,1400,13.27,19.49,18.05,23.66,0,0,0,0,0,-.029,.146
501,2008,84,1500,13.27,19.49,18.5,23.95,0,0,0,0,0,-.037,0
501,2008,84,1600,13.15,19.49,17.7,23.46,0,0,0,0,0,-.037,0
501,2008,84,1700,12.99,19.49,16.49,21.23,0,0,0,0,0,-.03,0
501,2008,84,1800,12.94,19.47,16.18,18.97,0,0,0,0,0,-.031,0
501,2008,84,1900,12.91,19.46,15.85,17.22,0,0,0,0,0,-.026,0
501,2008,84,2000,12.89,19.45,15.17,15.83,0,0,0,0,0,-.025,0
501,2008,84,2100,12.87,19.42,14.25,14.6,0,0,0,0,0,-.043,0
501,2008,84,2200,12.86,19.42,13.26,13.48,0,0,0,0,0,-.032,0
501,2008,84,2300,12.85,19.41,12.36,12.47,0,0,0,0,0,-.028,0
501,2008,84,2400,12.83,19.4,11.57,11.54,0,0,0,0,0,-.031,0
502,2008,84,2400,.077,.074,.076,24.01,7.31,19.44,8.5
501,2008,85,100,12.82,19.39,10.97,10.79,0,0,0,0,0,-.031,0
501,2008,85,200,12.82,19.39,11.02,10.16,0,0,0,0,0,-.03,0
501,2008,85,300,12.81,19.38,10.72,9.58,0,0,0,0,0,-.036,0
501,2008,85,400,12.81,19.37,10.77,9.15,0,0,0,0,0,-.037,0
501,2008,85,500,12.81,19.36,10.4,8.78,0,0,0,0,0,-.035,0
501,2008,85,600,12.8,19.36,10.24,8.34,0,0,0,0,0,-.029,0
501,2008,85,700,13.48,19.35,11.9,8.1,0,0,0,0,0,-.046,0
501,2008,85,800,13.54,19.37,14.12,8.97,0,0,0,0,0,-.041,0
501,2008,85,900,13.44,19.38,15.34,11.73,0,0,0,0,0,-.044,0
501,2008,85,1000,13.39,19.4,16.71,15,0,0,0,0,0,-.031,0
501,2008,85,1100,13.36,19.42,17.6,17.98,0,0,0,0,0,-.033,0
501,2008,85,1200,13.34,19.43,18.38,20.34,0,0,0,0,0,-.023,0
501,2008,85,1300,13.28,19.44,19.02,22.56,0,0,0,0,0,-.035,0
501,2008,85,1400,13.26,19.46,19.28,23.97,0,0,0,0,0,-.04,0
501,2008,85,1500,13.26,19.46,19.55,24.55,0,0,0,0,0,-.012,0
501,2008,85,1600,13.31,19.47,18.13,24.11,0,0,0,0,0,-.027,.146
501,2008,85,1700,13.19,19.46,16.63,21.95,0,0,0,0,0,-.033,0
501,2008,85,1800,12.97,19.45,15.8,19.84,0,0,0,0,0,-.028,0
501,2008,85,1900,12.93,19.44,14.88,18.3,0,0,0,0,0,-.037,0
501,2008,85,2000,12.9,19.43,14.17,17.09,0,0,0,0,0,-.033,0
501,2008,85,2100,12.89,19.42,14.05,16.15,0,0,0,0,0,-.038,0
501,2008,85,2200,12.88,19.41,13.89,15.34,0,0,0,0,0,-.042,0
501,2008,85,2300,12.86,19.4,13.42,14.6,0,0,0,0,0,-.045,0
501,2008,85,2400,12.86,19.39,13.25,13.97,0,0,0,0,0,-.042,0
502,2008,85,2400,.076,.074,.075,24.62,8.03,20.65,9.35
501,2008,86,100,12.85,19.39,12.71,13.46,0,0,0,0,0,-.048,0
501,2008,86,200,12.84,19.38,12.16,12.96,0,0,0,0,0,-.038,0
501,2008,86,300,12.84,19.38,11.08,12.43,0,0,0,0,0,-.041,0
501,2008,86,400,12.83,19.37,11.73,11.8,0,0,0,0,0,-.037,0
501,2008,86,500,12.82,19.36,11.26,11.35,0,0,0,0,0,-.033,0
501,2008,86,600,12.81,19.36,11.33,10.73,0,0,0,0,0,-.032,0
501,2008,86,700,13.5,19.35,13.38,10.39,0,0,0,0,0,-.049,0
501,2008,86,800,13.52,19.36,14.58,10.95,0,0,0,0,0,-.023,0
501,2008,86,900,13.46,19.37,15.62,13.12,0,0,0,0,0,-.029,0
501,2008,86,1000,13.4,19.38,16.99,15.84,0,0,0,0,0,-.03,0
501,2008,86,1100,13.37,19.39,17.11,18.46,0,0,0,0,0,-.039,0
501,2008,86,1200,13.38,19.41,16.59,20.25,0,0,0,0,0,-.021,0
501,2008,86,1300,13.36,19.42,16.95,21.64,0,0,0,0,0,-.031,0
501,2008,86,1400,13.36,19.43,17.04,22.55,.441,.001,.001,0,.003,-.031,0
501,2008,86,1500,13.36,19.43,17.2,22.55,0,0,0,0,0,-.025,0
501,2008,86,1600,13.4,19.44,16.23,22.08,0,0,0,0,0,-.035,0
501,2008,86,1700,13.28,19.42,15.18,20.31,0,0,0,0,0,-.026,0
501,2008,86,1800,12.98,19.41,14.52,18.51,0,0,0,0,0,-.023,0
501,2008,86,1900,12.94,19.4,13.82,17.17,36.32,.226,.226,30.74,2.488,-.048,0
501,2008,86,2000,12.91,19.39,12.83,16.08,0,0,0,0,0,-.033,0
501,2008,86,2100,12.89,19.38,12.17,15.16,0,0,0,0,0,-.037,0
501,2008,86,2200,12.88,19.37,12.3,14.38,0,0,0,0,0,-.026,0
501,2008,86,2300,12.86,19.37,11.54,13.61,0,0,0,0,0,-.041,0
501,2008,86,2400,12.85,19.36,10.45,12.79,0,0,0,0,0,-.012,0
502,2008,86,2400,.076,.074,.075,22.73,10.35,19.45,9.25
501,2008,87,100,12.84,19.35,10.24,12.06,0,0,0,0,0,-.015,0
501,2008,87,200,12.83,19.34,9.47,11.45,0,0,0,0,0,-.027,0
501,2008,87,300,12.82,19.33,8.09,10.78,0,0,0,0,0,-.014,0
501,2008,87,400,12.8,19.32,7.98,9.92,0,0,0,0,0,-.013,0
501,2008,87,500,12.79,19.31,7.52,9.11,0,0,0,0,0,-.024,0
501,2008,87,600,12.78,19.31,8.1,8.37,0,0,0,0,0,-.013,0
501,2008,87,700,13.64,19.29,10.5,7.86,0,0,0,0,0,-.02,0
501,2008,87,800,13.59,19.32,11.56,8.4,0,0,0,0,0,-.028,0
501,2008,87,900,13.5,19.34,13.12,11.18,0,0,0,0,0,-.028,0
501,2008,87,1000,13.44,19.36,13.95,14.74,0,0,0,0,0,-.02,0
501,2008,87,1100,13.4,19.36,15.35,18.11,0,0,0,0,0,-.033,0
501,2008,87,1200,13.35,19.38,16.64,20.97,0,0,0,0,0,-.019,0
501,2008,87,1300,13.3,19.4,17.76,23.2,0,0,0,0,0,-.023,0
501,2008,87,1400,13.28,19.41,18.03,24.53,0,0,0,0,0,-.015,0
501,2008,87,1500,13.3,19.42,17.52,24.69,0,0,0,0,0,-.028,0
501,2008,87,1600,13.36,19.42,16.75,23.4,0,0,0,0,0,-.024,0
501,2008,87,1700,13.43,19.41,15.91,21.5,0,0,0,0,0,-.02,0
501,2008,87,1800,13.17,19.39,14.89,19.72,0,0,0,0,0,-.024,0
501,2008,87,1900,12.95,19.38,13.88,18.03,0,0,0,0,0,-.034,0
501,2008,87,2000,12.91,19.36,13.19,16.4,0,0,0,0,0,-.029,0
501,2008,87,2100,12.89,19.35,13.08,15.07,0,0,0,0,0,-.028,0
501,2008,87,2200,12.87,19.34,12.33,14.12,0,0,0,0,0,-.024,0
501,2008,87,2300,12.86,19.33,10.98,13.2,0,0,0,0,0,-.03,0
501,2008,87,2400,12.84,19.32,9.76,12.27,0,0,0,0,0,-.032,0
502,2008,87,2400,.075,.073,.074,24.89,7.81,19.03,6.476
501,2008,88,100,12.83,19.32,9.81,11.41,0,0,0,0,0,-.019,0
501,2008,88,200,12.82,19.31,9.1,10.69,0,0,0,0,0,-.022,0
501,2008,88,300,12.81,19.29,9.24,10.05,0,0,0,0,0,-.033,0
501,2008,88,400,12.8,19.29,8.88,9.52,0,0,0,0,0,-.035,0
501,2008,88,500,12.8,19.28,8.62,9.05,0,0,0,0,0,-.019,0
501,2008,88,600,12.79,19.27,8.44,8.65,0,0,0,0,0,-.022,0
501,2008,88,700,13.43,19.28,11.21,8.39,0,0,0,0,0,-.035,0
501,2008,88,800,13.57,19.29,11.61,9.06,0,0,0,0,0,-.044,0
501,2008,88,900,13.64,19.3,9.66,10.03,0,0,0,0,0,-.027,0
501,2008,88,1000,13.6,19.3,11.87,10.6,0,0,0,0,0,-.035,0
501,2008,88,1100,13.48,19.31,14.39,13.51,0,0,0,0,0,-.018,0
501,2008,88,1200,13.39,19.33,16.15,17.59,0,0,0,0,0,-.019,0
